mcnp   version 6     ld=05/08/13  probid =  03/16/16 13:05:45 
 -*-mcnpgen-*- -------Basic Annulus with Accelerator Neutron Source---------     
 Number of histories used for normalizing tallies =       1000000.00

 Mesh Tally Number        34
 neutron  mesh tally.

 Tally bin boundaries:
               origin at   0.00E+00  0.00E+00 -8.00E+01 axis in   0.00E+00  0.00E+00  1.00E+00 direction, VEC direction   1.00E+00  0.00E+00  0.00E+00
    R direction:      0.00      3.83      7.67     11.50     15.33     19.17     23.00     24.00     25.00     26.00     27.00     28.00     29.00     30.00     31.00     32.00     33.00     34.00     35.00     36.00     37.00     38.00     39.00
    Z direction:      0.00      6.67     13.33     20.00     23.00     26.00     29.00     32.00     35.00     38.00     41.00     44.00     47.00     50.00     53.00     56.00     59.00     62.00     65.00     68.00     71.00     74.00     77.00     80.00     83.00     86.00     89.00     92.00     95.00     98.00    101.00    104.00    107.00    110.00    126.67    143.33    160.00
    Theta direction (revolutions):     0.000     1.000
    Energy bin boundaries: 0.00E+00 1.00E+02

        R         Z         Th    Result     Rel Error
      1.917     3.333     0.500 7.19218E+09 7.24633E-02
      1.917    10.000     0.500 2.69375E+10 3.99043E-02
      1.917    16.667     0.500 7.04501E+10 2.28682E-02
      1.917    21.500     0.500 9.41370E+10 1.85125E-02
      1.917    24.500     0.500 9.43325E+10 1.74223E-02
      1.917    27.500     0.500 9.85265E+10 1.69851E-02
      1.917    30.500     0.500 1.00051E+11 1.69391E-02
      1.917    33.500     0.500 1.01426E+11 1.68851E-02
      1.917    36.500     0.500 1.03651E+11 1.66578E-02
      1.917    39.500     0.500 1.10906E+11 1.64029E-02
      1.917    42.500     0.500 1.12345E+11 1.62820E-02
      1.917    45.500     0.500 1.13875E+11 1.61599E-02
      1.917    48.500     0.500 1.19950E+11 1.58845E-02
      1.917    51.500     0.500 1.16655E+11 1.59727E-02
      1.917    54.500     0.500 1.21708E+11 1.58490E-02
      1.917    57.500     0.500 1.22561E+11 1.57138E-02
      1.917    60.500     0.500 1.20863E+11 1.57511E-02
      1.917    63.500     0.500 1.22657E+11 1.56852E-02
      1.917    66.500     0.500 1.19984E+11 1.57525E-02
      1.917    69.500     0.500 1.17384E+11 1.60128E-02
      1.917    72.500     0.500 1.17290E+11 1.60275E-02
      1.917    75.500     0.500 1.12495E+11 1.62796E-02
      1.917    78.500     0.500 1.11425E+11 1.64348E-02
      1.917    81.500     0.500 1.08329E+11 1.66643E-02
      1.917    84.500     0.500 1.03663E+11 1.69705E-02
      1.917    87.500     0.500 1.01341E+11 1.71731E-02
      1.917    90.500     0.500 9.67137E+10 1.73514E-02
      1.917    93.500     0.500 9.21567E+10 1.76501E-02
      1.917    96.500     0.500 8.73988E+10 1.82505E-02
      1.917    99.500     0.500 8.06381E+10 1.86893E-02
      1.917   102.500     0.500 7.71322E+10 1.91268E-02
      1.917   105.500     0.500 6.90070E+10 1.97921E-02
      1.917   108.500     0.500 6.54618E+10 1.98984E-02
      1.917   118.333     0.500 5.27342E+10 1.32993E-02
      1.917   135.000     0.500 4.16617E+10 1.71008E-02
      1.917   151.667     0.500 1.13651E+10 4.34043E-02
      5.750     3.333     0.500 7.57171E+09 4.56662E-02
      5.750    10.000     0.500 2.61711E+10 2.53104E-02
      5.750    16.667     0.500 6.99301E+10 1.44101E-02
      5.750    21.500     0.500 9.46015E+10 1.16756E-02
      5.750    24.500     0.500 9.66245E+10 1.09684E-02
      5.750    27.500     0.500 9.76421E+10 1.07578E-02
      5.750    30.500     0.500 9.97660E+10 1.06867E-02
      5.750    33.500     0.500 1.03084E+11 1.04863E-02
      5.750    36.500     0.500 1.07358E+11 1.03195E-02
      5.750    39.500     0.500 1.10970E+11 1.01784E-02
      5.750    42.500     0.500 1.12970E+11 1.01026E-02
      5.750    45.500     0.500 1.15978E+11 9.95664E-03
      5.750    48.500     0.500 1.19091E+11 9.97241E-03
      5.750    51.500     0.500 1.18224E+11 9.94243E-03
      5.750    54.500     0.500 1.21022E+11 9.84370E-03
      5.750    57.500     0.500 1.23890E+11 9.79455E-03
      5.750    60.500     0.500 1.22831E+11 9.77525E-03
      5.750    63.500     0.500 1.21392E+11 9.78056E-03
      5.750    66.500     0.500 1.19193E+11 9.90136E-03
      5.750    69.500     0.500 1.19071E+11 9.92300E-03
      5.750    72.500     0.500 1.17312E+11 1.00209E-02
      5.750    75.500     0.500 1.13059E+11 1.01503E-02
      5.750    78.500     0.500 1.11282E+11 1.02486E-02
      5.750    81.500     0.500 1.08969E+11 1.03418E-02
      5.750    84.500     0.500 1.05076E+11 1.05206E-02
      5.750    87.500     0.500 1.00362E+11 1.06697E-02
      5.750    90.500     0.500 9.79202E+10 1.08209E-02
      5.750    93.500     0.500 9.31800E+10 1.10731E-02
      5.750    96.500     0.500 8.74450E+10 1.13468E-02
      5.750    99.500     0.500 8.25773E+10 1.16238E-02
      5.750   102.500     0.500 7.73344E+10 1.18210E-02
      5.750   105.500     0.500 7.14734E+10 1.20258E-02
      5.750   108.500     0.500 6.61861E+10 1.23129E-02
      5.750   118.333     0.500 5.19484E+10 8.96370E-03
      5.750   135.000     0.500 4.06745E+10 1.13924E-02
      5.750   151.667     0.500 1.07570E+10 2.79326E-02
      9.583     3.333     0.500 6.43594E+09 3.52898E-02
      9.583    10.000     0.500 2.44021E+10 1.95208E-02
      9.583    16.667     0.500 6.92403E+10 1.10847E-02
      9.583    21.500     0.500 9.38613E+10 9.31020E-03
      9.583    24.500     0.500 9.54865E+10 8.80954E-03
      9.583    27.500     0.500 9.86456E+10 8.62997E-03
      9.583    30.500     0.500 1.02591E+11 8.48800E-03
      9.583    33.500     0.500 1.05631E+11 8.37257E-03
      9.583    36.500     0.500 1.08734E+11 8.24337E-03
      9.583    39.500     0.500 1.12475E+11 8.07484E-03
      9.583    42.500     0.500 1.14259E+11 7.98354E-03
      9.583    45.500     0.500 1.16268E+11 7.94786E-03
      9.583    48.500     0.500 1.18946E+11 7.87315E-03
      9.583    51.500     0.500 1.20368E+11 7.78207E-03
      9.583    54.500     0.500 1.23053E+11 7.73713E-03
      9.583    57.500     0.500 1.23729E+11 7.75474E-03
      9.583    60.500     0.500 1.21682E+11 7.78815E-03
      9.583    63.500     0.500 1.21490E+11 7.76231E-03
      9.583    66.500     0.500 1.21710E+11 7.82997E-03
      9.583    69.500     0.500 1.22298E+11 7.84141E-03
      9.583    72.500     0.500 1.19224E+11 7.87584E-03
      9.583    75.500     0.500 1.16054E+11 7.90470E-03
      9.583    78.500     0.500 1.12941E+11 8.00926E-03
      9.583    81.500     0.500 1.10131E+11 8.18841E-03
      9.583    84.500     0.500 1.04920E+11 8.33844E-03
      9.583    87.500     0.500 1.01894E+11 8.46336E-03
      9.583    90.500     0.500 9.64709E+10 8.59898E-03
      9.583    93.500     0.500 9.27244E+10 8.71857E-03
      9.583    96.500     0.500 8.79638E+10 9.00495E-03
      9.583    99.500     0.500 8.17141E+10 9.22081E-03
      9.583   102.500     0.500 7.57318E+10 9.48174E-03
      9.583   105.500     0.500 7.08443E+10 9.60448E-03
      9.583   108.500     0.500 6.49063E+10 9.82980E-03
      9.583   118.333     0.500 5.10019E+10 7.33040E-03
      9.583   135.000     0.500 3.98296E+10 9.19850E-03
      9.583   151.667     0.500 1.03180E+10 2.16590E-02
     13.417     3.333     0.500 6.51199E+09 3.10729E-02
     13.417    10.000     0.500 2.34282E+10 1.69121E-02
     13.417    16.667     0.500 6.64711E+10 9.52390E-03
     13.417    21.500     0.500 9.17545E+10 8.09565E-03
     13.417    24.500     0.500 9.49151E+10 7.75139E-03
     13.417    27.500     0.500 9.77728E+10 7.58162E-03
     13.417    30.500     0.500 1.02648E+11 7.39044E-03
     13.417    33.500     0.500 1.05058E+11 7.27249E-03
     13.417    36.500     0.500 1.09669E+11 7.08636E-03
     13.417    39.500     0.500 1.12109E+11 7.01897E-03
     13.417    42.500     0.500 1.16329E+11 6.91077E-03
     13.417    45.500     0.500 1.18054E+11 6.84372E-03
     13.417    48.500     0.500 1.18956E+11 6.80875E-03
     13.417    51.500     0.500 1.21056E+11 6.74450E-03
     13.417    54.500     0.500 1.22757E+11 6.73930E-03
     13.417    57.500     0.500 1.22604E+11 6.69503E-03
     13.417    60.500     0.500 1.21607E+11 6.73492E-03
     13.417    63.500     0.500 1.21747E+11 6.72092E-03
     13.417    66.500     0.500 1.21475E+11 6.73378E-03
     13.417    69.500     0.500 1.21485E+11 6.74339E-03
     13.417    72.500     0.500 1.19647E+11 6.82252E-03
     13.417    75.500     0.500 1.16161E+11 6.87191E-03
     13.417    78.500     0.500 1.12966E+11 6.93424E-03
     13.417    81.500     0.500 1.11496E+11 7.03179E-03
     13.417    84.500     0.500 1.06998E+11 7.13253E-03
     13.417    87.500     0.500 1.02115E+11 7.32049E-03
     13.417    90.500     0.500 9.72463E+10 7.43531E-03
     13.417    93.500     0.500 9.27451E+10 7.57339E-03
     13.417    96.500     0.500 8.84897E+10 7.76931E-03
     13.417    99.500     0.500 8.20353E+10 7.99013E-03
     13.417   102.500     0.500 7.56529E+10 8.23058E-03
     13.417   105.500     0.500 6.96049E+10 8.40044E-03
     13.417   108.500     0.500 6.37107E+10 8.57937E-03
     13.417   118.333     0.500 4.99955E+10 6.56024E-03
     13.417   135.000     0.500 3.88660E+10 8.06287E-03
     13.417   151.667     0.500 1.01616E+10 1.86430E-02
     17.250     3.333     0.500 6.34186E+09 2.77882E-02
     17.250    10.000     0.500 2.22760E+10 1.52073E-02
     17.250    16.667     0.500 6.26250E+10 8.70334E-03
     17.250    21.500     0.500 8.83731E+10 7.53865E-03
     17.250    24.500     0.500 9.35041E+10 7.16679E-03
     17.250    27.500     0.500 9.75773E+10 6.93575E-03
     17.250    30.500     0.500 1.02780E+11 6.79303E-03
     17.250    33.500     0.500 1.06812E+11 6.63062E-03
     17.250    36.500     0.500 1.10195E+11 6.52114E-03
     17.250    39.500     0.500 1.13323E+11 6.38458E-03
     17.250    42.500     0.500 1.16952E+11 6.29775E-03
     17.250    45.500     0.500 1.18915E+11 6.23195E-03
     17.250    48.500     0.500 1.21281E+11 6.19939E-03
     17.250    51.500     0.500 1.22664E+11 6.11572E-03
     17.250    54.500     0.500 1.23362E+11 6.10694E-03
     17.250    57.500     0.500 1.23646E+11 6.08889E-03
     17.250    60.500     0.500 1.22090E+11 6.07676E-03
     17.250    63.500     0.500 1.22627E+11 6.09436E-03
     17.250    66.500     0.500 1.23014E+11 6.10021E-03
     17.250    69.500     0.500 1.22157E+11 6.11720E-03
     17.250    72.500     0.500 1.19202E+11 6.16362E-03
     17.250    75.500     0.500 1.17379E+11 6.21666E-03
     17.250    78.500     0.500 1.14470E+11 6.30114E-03
     17.250    81.500     0.500 1.11621E+11 6.38730E-03
     17.250    84.500     0.500 1.08108E+11 6.48056E-03
     17.250    87.500     0.500 1.03443E+11 6.57962E-03
     17.250    90.500     0.500 9.87080E+10 6.73255E-03
     17.250    93.500     0.500 9.38798E+10 6.86230E-03
     17.250    96.500     0.500 8.92715E+10 7.02561E-03
     17.250    99.500     0.500 8.29268E+10 7.24303E-03
     17.250   102.500     0.500 7.63000E+10 7.53398E-03
     17.250   105.500     0.500 6.90749E+10 7.78857E-03
     17.250   108.500     0.500 6.27290E+10 7.89999E-03
     17.250   118.333     0.500 4.86465E+10 6.20037E-03
     17.250   135.000     0.500 3.76861E+10 7.50276E-03
     17.250   151.667     0.500 9.17320E+09 1.70014E-02
     21.083     3.333     0.500 5.84081E+09 2.56356E-02
     21.083    10.000     0.500 2.05424E+10 1.43182E-02
     21.083    16.667     0.500 5.74548E+10 8.32963E-03
     21.083    21.500     0.500 8.64377E+10 7.53669E-03
     21.083    24.500     0.500 9.27016E+10 7.11762E-03
     21.083    27.500     0.500 9.91887E+10 6.82854E-03
     21.083    30.500     0.500 1.03740E+11 6.62705E-03
     21.083    33.500     0.500 1.08106E+11 6.45756E-03
     21.083    36.500     0.500 1.12023E+11 6.37943E-03
     21.083    39.500     0.500 1.16285E+11 6.24532E-03
     21.083    42.500     0.500 1.18114E+11 6.16714E-03
     21.083    45.500     0.500 1.22124E+11 6.08125E-03
     21.083    48.500     0.500 1.24321E+11 5.98292E-03
     21.083    51.500     0.500 1.26484E+11 5.95745E-03
     21.083    54.500     0.500 1.25869E+11 5.92780E-03
     21.083    57.500     0.500 1.27935E+11 5.90889E-03
     21.083    60.500     0.500 1.26583E+11 5.89136E-03
     21.083    63.500     0.500 1.26423E+11 5.90606E-03
     21.083    66.500     0.500 1.25209E+11 5.89830E-03
     21.083    69.500     0.500 1.24309E+11 5.91927E-03
     21.083    72.500     0.500 1.22906E+11 5.96304E-03
     21.083    75.500     0.500 1.20259E+11 6.01815E-03
     21.083    78.500     0.500 1.17215E+11 6.12041E-03
     21.083    81.500     0.500 1.12567E+11 6.19515E-03
     21.083    84.500     0.500 1.10631E+11 6.26466E-03
     21.083    87.500     0.500 1.05800E+11 6.41978E-03
     21.083    90.500     0.500 1.01189E+11 6.56242E-03
     21.083    93.500     0.500 9.52280E+10 6.73407E-03
     21.083    96.500     0.500 9.03218E+10 6.91450E-03
     21.083    99.500     0.500 8.43981E+10 7.15020E-03
     21.083   102.500     0.500 7.87709E+10 7.38773E-03
     21.083   105.500     0.500 7.02995E+10 7.77662E-03
     21.083   108.500     0.500 6.12218E+10 7.96484E-03
     21.083   118.333     0.500 4.52184E+10 6.00133E-03
     21.083   135.000     0.500 3.54673E+10 7.05484E-03
     21.083   151.667     0.500 8.55103E+09 1.61059E-02
     23.500     3.333     0.500 5.81386E+09 2.93341E-02
     23.500    10.000     0.500 1.91886E+10 1.65835E-02
     23.500    16.667     0.500 5.43225E+10 1.01747E-02
     23.500    21.500     0.500 8.28115E+10 9.74369E-03
     23.500    24.500     0.500 9.35517E+10 9.33378E-03
     23.500    27.500     0.500 1.02909E+11 8.84295E-03
     23.500    30.500     0.500 1.11089E+11 8.58264E-03
     23.500    33.500     0.500 1.17693E+11 8.33408E-03
     23.500    36.500     0.500 1.23194E+11 8.07433E-03
     23.500    39.500     0.500 1.26966E+11 7.91715E-03
     23.500    42.500     0.500 1.31194E+11 7.79484E-03
     23.500    45.500     0.500 1.35718E+11 7.70950E-03
     23.500    48.500     0.500 1.40238E+11 7.55805E-03
     23.500    51.500     0.500 1.42887E+11 7.50649E-03
     23.500    54.500     0.500 1.45325E+11 7.43007E-03
     23.500    57.500     0.500 1.43297E+11 7.43610E-03
     23.500    60.500     0.500 1.42378E+11 7.48452E-03
     23.500    63.500     0.500 1.44562E+11 7.45703E-03
     23.500    66.500     0.500 1.43970E+11 7.44276E-03
     23.500    69.500     0.500 1.43189E+11 7.45903E-03
     23.500    72.500     0.500 1.40422E+11 7.57520E-03
     23.500    75.500     0.500 1.37120E+11 7.70110E-03
     23.500    78.500     0.500 1.33007E+11 7.78034E-03
     23.500    81.500     0.500 1.28595E+11 7.87686E-03
     23.500    84.500     0.500 1.24616E+11 8.03018E-03
     23.500    87.500     0.500 1.18415E+11 8.23254E-03
     23.500    90.500     0.500 1.13785E+11 8.39968E-03
     23.500    93.500     0.500 1.07198E+11 8.68301E-03
     23.500    96.500     0.500 9.95656E+10 8.99870E-03
     23.500    99.500     0.500 9.00760E+10 9.43728E-03
     23.500   102.500     0.500 8.22709E+10 9.86825E-03
     23.500   105.500     0.500 7.17588E+10 1.05113E-02
     23.500   108.500     0.500 5.81201E+10 1.12114E-02
     23.500   118.333     0.500 3.90421E+10 6.92185E-03
     23.500   135.000     0.500 3.16486E+10 7.99072E-03
     23.500   151.667     0.500 8.40609E+09 1.80709E-02
     24.500     3.333     0.500 5.60002E+09 2.94456E-02
     24.500    10.000     0.500 1.89772E+10 1.65992E-02
     24.500    16.667     0.500 5.18165E+10 1.02773E-02
     24.500    21.500     0.500 7.87290E+10 1.02793E-02
     24.500    24.500     0.500 9.22740E+10 9.73972E-03
     24.500    27.500     0.500 1.03232E+11 9.21610E-03
     24.500    30.500     0.500 1.12625E+11 8.83581E-03
     24.500    33.500     0.500 1.21173E+11 8.46985E-03
     24.500    36.500     0.500 1.28105E+11 8.25052E-03
     24.500    39.500     0.500 1.33689E+11 8.05576E-03
     24.500    42.500     0.500 1.38993E+11 7.87428E-03
     24.500    45.500     0.500 1.45751E+11 7.80868E-03
     24.500    48.500     0.500 1.51155E+11 7.63896E-03
     24.500    51.500     0.500 1.52238E+11 7.55482E-03
     24.500    54.500     0.500 1.56043E+11 7.51103E-03
     24.500    57.500     0.500 1.54351E+11 7.49077E-03
     24.500    60.500     0.500 1.54288E+11 7.47569E-03
     24.500    63.500     0.500 1.55908E+11 7.46914E-03
     24.500    66.500     0.500 1.55852E+11 7.48210E-03
     24.500    69.500     0.500 1.55939E+11 7.49845E-03
     24.500    72.500     0.500 1.52176E+11 7.58471E-03
     24.500    75.500     0.500 1.46676E+11 7.69600E-03
     24.500    78.500     0.500 1.43364E+11 7.76186E-03
     24.500    81.500     0.500 1.38721E+11 7.88524E-03
     24.500    84.500     0.500 1.34695E+11 8.06871E-03
     24.500    87.500     0.500 1.26062E+11 8.27014E-03
     24.500    90.500     0.500 1.22216E+11 8.52659E-03
     24.500    93.500     0.500 1.15118E+11 8.73078E-03
     24.500    96.500     0.500 1.03925E+11 9.18165E-03
     24.500    99.500     0.500 9.50840E+10 9.63370E-03
     24.500   102.500     0.500 8.31321E+10 1.02805E-02
     24.500   105.500     0.500 7.23585E+10 1.09617E-02
     24.500   108.500     0.500 5.52134E+10 1.17313E-02
     24.500   118.333     0.500 3.80422E+10 6.85068E-03
     24.500   135.000     0.500 3.10786E+10 7.92405E-03
     24.500   151.667     0.500 8.08691E+09 1.78504E-02
     25.500     3.333     0.500 5.26163E+09 2.94563E-02
     25.500    10.000     0.500 1.78072E+10 1.64831E-02
     25.500    16.667     0.500 4.97943E+10 1.04108E-02
     25.500    21.500     0.500 7.56629E+10 1.04923E-02
     25.500    24.500     0.500 8.99187E+10 9.77069E-03
     25.500    27.500     0.500 1.03169E+11 9.14411E-03
     25.500    30.500     0.500 1.14077E+11 8.72983E-03
     25.500    33.500     0.500 1.24841E+11 8.35372E-03
     25.500    36.500     0.500 1.32852E+11 8.09467E-03
     25.500    39.500     0.500 1.38345E+11 7.98535E-03
     25.500    42.500     0.500 1.42922E+11 7.77455E-03
     25.500    45.500     0.500 1.50528E+11 7.58731E-03
     25.500    48.500     0.500 1.55278E+11 7.46259E-03
     25.500    51.500     0.500 1.58759E+11 7.35664E-03
     25.500    54.500     0.500 1.61610E+11 7.33401E-03
     25.500    57.500     0.500 1.60738E+11 7.30564E-03
     25.500    60.500     0.500 1.61610E+11 7.30730E-03
     25.500    63.500     0.500 1.65001E+11 7.28070E-03
     25.500    66.500     0.500 1.63153E+11 7.25118E-03
     25.500    69.500     0.500 1.61203E+11 7.33530E-03
     25.500    72.500     0.500 1.58890E+11 7.39147E-03
     25.500    75.500     0.500 1.53474E+11 7.51610E-03
     25.500    78.500     0.500 1.49258E+11 7.59585E-03
     25.500    81.500     0.500 1.44470E+11 7.69112E-03
     25.500    84.500     0.500 1.40862E+11 7.86230E-03
     25.500    87.500     0.500 1.32379E+11 8.10868E-03
     25.500    90.500     0.500 1.26100E+11 8.35007E-03
     25.500    93.500     0.500 1.18113E+11 8.53013E-03
     25.500    96.500     0.500 1.08099E+11 8.93060E-03
     25.500    99.500     0.500 9.67788E+10 9.52589E-03
     25.500   102.500     0.500 8.34553E+10 1.01338E-02
     25.500   105.500     0.500 7.10357E+10 1.10276E-02
     25.500   108.500     0.500 5.26410E+10 1.19869E-02
     25.500   118.333     0.500 3.76465E+10 6.90244E-03
     25.500   135.000     0.500 3.04993E+10 7.83411E-03
     25.500   151.667     0.500 7.81068E+09 1.78040E-02
     26.500     3.333     0.500 5.01648E+09 2.88980E-02
     26.500    10.000     0.500 1.71074E+10 1.64802E-02
     26.500    16.667     0.500 4.63383E+10 1.05097E-02
     26.500    21.500     0.500 7.25274E+10 1.05807E-02
     26.500    24.500     0.500 8.85614E+10 9.80721E-03
     26.500    27.500     0.500 1.02819E+11 9.03560E-03
     26.500    30.500     0.500 1.15306E+11 8.59921E-03
     26.500    33.500     0.500 1.24754E+11 8.21252E-03
     26.500    36.500     0.500 1.33031E+11 7.91173E-03
     26.500    39.500     0.500 1.40973E+11 7.73770E-03
     26.500    42.500     0.500 1.48143E+11 7.54841E-03
     26.500    45.500     0.500 1.54542E+11 7.42311E-03
     26.500    48.500     0.500 1.59597E+11 7.22104E-03
     26.500    51.500     0.500 1.61962E+11 7.17957E-03
     26.500    54.500     0.500 1.63643E+11 7.08175E-03
     26.500    57.500     0.500 1.63983E+11 7.11152E-03
     26.500    60.500     0.500 1.67190E+11 7.08369E-03
     26.500    63.500     0.500 1.69752E+11 7.04606E-03
     26.500    66.500     0.500 1.68749E+11 7.03799E-03
     26.500    69.500     0.500 1.65041E+11 7.08768E-03
     26.500    72.500     0.500 1.62489E+11 7.16818E-03
     26.500    75.500     0.500 1.58670E+11 7.26434E-03
     26.500    78.500     0.500 1.53479E+11 7.41763E-03
     26.500    81.500     0.500 1.47653E+11 7.51587E-03
     26.500    84.500     0.500 1.42765E+11 7.66852E-03
     26.500    87.500     0.500 1.35698E+11 7.86106E-03
     26.500    90.500     0.500 1.29210E+11 8.10935E-03
     26.500    93.500     0.500 1.21148E+11 8.36274E-03
     26.500    96.500     0.500 1.09022E+11 8.79647E-03
     26.500    99.500     0.500 9.70147E+10 9.30299E-03
     26.500   102.500     0.500 8.38022E+10 1.00493E-02
     26.500   105.500     0.500 6.98632E+10 1.09780E-02
     26.500   108.500     0.500 5.09144E+10 1.18195E-02
     26.500   118.333     0.500 3.69484E+10 6.85252E-03
     26.500   135.000     0.500 3.00460E+10 7.73528E-03
     26.500   151.667     0.500 7.50209E+09 1.75566E-02
     27.500     3.333     0.500 4.86193E+09 2.89444E-02
     27.500    10.000     0.500 1.63532E+10 1.66269E-02
     27.500    16.667     0.500 4.36073E+10 1.06362E-02
     27.500    21.500     0.500 7.03112E+10 1.05161E-02
     27.500    24.500     0.500 8.61920E+10 9.72089E-03
     27.500    27.500     0.500 1.01388E+11 8.96419E-03
     27.500    30.500     0.500 1.14168E+11 8.46760E-03
     27.500    33.500     0.500 1.23362E+11 8.04539E-03
     27.500    36.500     0.500 1.31722E+11 7.82729E-03
     27.500    39.500     0.500 1.41596E+11 7.58485E-03
     27.500    42.500     0.500 1.47491E+11 7.36776E-03
     27.500    45.500     0.500 1.53722E+11 7.25319E-03
     27.500    48.500     0.500 1.60138E+11 7.09842E-03
     27.500    51.500     0.500 1.63344E+11 7.02869E-03
     27.500    54.500     0.500 1.64237E+11 6.94888E-03
     27.500    57.500     0.500 1.67185E+11 6.95085E-03
     27.500    60.500     0.500 1.68202E+11 6.87650E-03
     27.500    63.500     0.500 1.70909E+11 6.87424E-03
     27.500    66.500     0.500 1.71326E+11 6.89710E-03
     27.500    69.500     0.500 1.67190E+11 6.92583E-03
     27.500    72.500     0.500 1.66006E+11 6.99844E-03
     27.500    75.500     0.500 1.58854E+11 7.06298E-03
     27.500    78.500     0.500 1.55844E+11 7.20577E-03
     27.500    81.500     0.500 1.48334E+11 7.38847E-03
     27.500    84.500     0.500 1.44377E+11 7.47270E-03
     27.500    87.500     0.500 1.36336E+11 7.63560E-03
     27.500    90.500     0.500 1.28992E+11 7.91071E-03
     27.500    93.500     0.500 1.21248E+11 8.17801E-03
     27.500    96.500     0.500 1.09000E+11 8.60683E-03
     27.500    99.500     0.500 9.64282E+10 9.18973E-03
     27.500   102.500     0.500 8.26318E+10 9.88072E-03
     27.500   105.500     0.500 6.86013E+10 1.08760E-02
     27.500   108.500     0.500 4.98218E+10 1.17675E-02
     27.500   118.333     0.500 3.63275E+10 6.83279E-03
     27.500   135.000     0.500 3.01814E+10 7.73967E-03
     27.500   151.667     0.500 7.29169E+09 1.75356E-02
     28.500     3.333     0.500 4.57418E+09 2.89047E-02
     28.500    10.000     0.500 1.53425E+10 1.67900E-02
     28.500    16.667     0.500 4.15894E+10 1.07421E-02
     28.500    21.500     0.500 6.64980E+10 1.05979E-02
     28.500    24.500     0.500 8.50884E+10 9.56442E-03
     28.500    27.500     0.500 9.89266E+10 8.89460E-03
     28.500    30.500     0.500 1.10690E+11 8.39014E-03
     28.500    33.500     0.500 1.20214E+11 7.98878E-03
     28.500    36.500     0.500 1.30728E+11 7.71721E-03
     28.500    39.500     0.500 1.39789E+11 7.48925E-03
     28.500    42.500     0.500 1.46472E+11 7.27133E-03
     28.500    45.500     0.500 1.54097E+11 7.10542E-03
     28.500    48.500     0.500 1.59149E+11 7.00503E-03
     28.500    51.500     0.500 1.63770E+11 6.89260E-03
     28.500    54.500     0.500 1.64996E+11 6.81308E-03
     28.500    57.500     0.500 1.68617E+11 6.82072E-03
     28.500    60.500     0.500 1.68428E+11 6.76233E-03
     28.500    63.500     0.500 1.69360E+11 6.73340E-03
     28.500    66.500     0.500 1.69917E+11 6.75237E-03
     28.500    69.500     0.500 1.66475E+11 6.75663E-03
     28.500    72.500     0.500 1.65154E+11 6.87964E-03
     28.500    75.500     0.500 1.59628E+11 6.96047E-03
     28.500    78.500     0.500 1.54272E+11 7.09856E-03
     28.500    81.500     0.500 1.48497E+11 7.21358E-03
     28.500    84.500     0.500 1.44399E+11 7.33117E-03
     28.500    87.500     0.500 1.37001E+11 7.52638E-03
     28.500    90.500     0.500 1.28326E+11 7.73834E-03
     28.500    93.500     0.500 1.20494E+11 8.05243E-03
     28.500    96.500     0.500 1.08819E+11 8.46652E-03
     28.500    99.500     0.500 9.47781E+10 9.06073E-03
     28.500   102.500     0.500 8.07928E+10 9.79731E-03
     28.500   105.500     0.500 6.50183E+10 1.07984E-02
     28.500   108.500     0.500 4.76469E+10 1.17966E-02
     28.500   118.333     0.500 3.56666E+10 6.85723E-03
     28.500   135.000     0.500 3.02637E+10 7.73076E-03
     28.500   151.667     0.500 6.93846E+09 1.72555E-02
     29.500     3.333     0.500 4.41127E+09 2.92335E-02
     29.500    10.000     0.500 1.46848E+10 1.70082E-02
     29.500    16.667     0.500 3.99432E+10 1.08413E-02
     29.500    21.500     0.500 6.33638E+10 1.06079E-02
     29.500    24.500     0.500 8.12852E+10 9.58693E-03
     29.500    27.500     0.500 9.60350E+10 8.86415E-03
     29.500    30.500     0.500 1.07603E+11 8.32885E-03
     29.500    33.500     0.500 1.19178E+11 7.94553E-03
     29.500    36.500     0.500 1.28128E+11 7.60343E-03
     29.500    39.500     0.500 1.36637E+11 7.36445E-03
     29.500    42.500     0.500 1.45188E+11 7.16177E-03
     29.500    45.500     0.500 1.51786E+11 7.00895E-03
     29.500    48.500     0.500 1.55323E+11 6.90215E-03
     29.500    51.500     0.500 1.59357E+11 6.80856E-03
     29.500    54.500     0.500 1.63019E+11 6.74699E-03
     29.500    57.500     0.500 1.65095E+11 6.70839E-03
     29.500    60.500     0.500 1.68088E+11 6.68093E-03
     29.500    63.500     0.500 1.66161E+11 6.65322E-03
     29.500    66.500     0.500 1.67666E+11 6.63044E-03
     29.500    69.500     0.500 1.66415E+11 6.68893E-03
     29.500    72.500     0.500 1.63148E+11 6.74343E-03
     29.500    75.500     0.500 1.57635E+11 6.88942E-03
     29.500    78.500     0.500 1.51616E+11 6.97208E-03
     29.500    81.500     0.500 1.48794E+11 7.07617E-03
     29.500    84.500     0.500 1.42411E+11 7.23668E-03
     29.500    87.500     0.500 1.35658E+11 7.40930E-03
     29.500    90.500     0.500 1.28153E+11 7.61276E-03
     29.500    93.500     0.500 1.18592E+11 7.96209E-03
     29.500    96.500     0.500 1.07387E+11 8.34987E-03
     29.500    99.500     0.500 9.23723E+10 8.98184E-03
     29.500   102.500     0.500 8.07538E+10 9.69116E-03
     29.500   105.500     0.500 6.40079E+10 1.08378E-02
     29.500   108.500     0.500 4.68818E+10 1.17816E-02
     29.500   118.333     0.500 3.52770E+10 6.95248E-03
     29.500   135.000     0.500 2.98852E+10 7.61251E-03
     29.500   151.667     0.500 6.82400E+09 1.73028E-02
     30.500     3.333     0.500 4.14456E+09 3.01169E-02
     30.500    10.000     0.500 1.37672E+10 1.71255E-02
     30.500    16.667     0.500 3.74187E+10 1.09954E-02
     30.500    21.500     0.500 5.95977E+10 1.08820E-02
     30.500    24.500     0.500 7.69611E+10 9.58803E-03
     30.500    27.500     0.500 9.33893E+10 8.82566E-03
     30.500    30.500     0.500 1.04387E+11 8.30219E-03
     30.500    33.500     0.500 1.16220E+11 7.92362E-03
     30.500    36.500     0.500 1.23696E+11 7.59835E-03
     30.500    39.500     0.500 1.34425E+11 7.32500E-03
     30.500    42.500     0.500 1.42286E+11 7.11633E-03
     30.500    45.500     0.500 1.47227E+11 6.99885E-03
     30.500    48.500     0.500 1.50676E+11 6.85148E-03
     30.500    51.500     0.500 1.55923E+11 6.78109E-03
     30.500    54.500     0.500 1.60274E+11 6.69373E-03
     30.500    57.500     0.500 1.62525E+11 6.66238E-03
     30.500    60.500     0.500 1.63066E+11 6.62449E-03
     30.500    63.500     0.500 1.64867E+11 6.60653E-03
     30.500    66.500     0.500 1.64803E+11 6.61968E-03
     30.500    69.500     0.500 1.63520E+11 6.63631E-03
     30.500    72.500     0.500 1.59783E+11 6.72698E-03
     30.500    75.500     0.500 1.54365E+11 6.81053E-03
     30.500    78.500     0.500 1.48899E+11 6.95274E-03
     30.500    81.500     0.500 1.43799E+11 7.05090E-03
     30.500    84.500     0.500 1.39995E+11 7.20015E-03
     30.500    87.500     0.500 1.33241E+11 7.35197E-03
     30.500    90.500     0.500 1.25423E+11 7.62791E-03
     30.500    93.500     0.500 1.16109E+11 7.90452E-03
     30.500    96.500     0.500 1.04570E+11 8.31675E-03
     30.500    99.500     0.500 8.96739E+10 9.01308E-03
     30.500   102.500     0.500 7.82093E+10 9.65781E-03
     30.500   105.500     0.500 6.26208E+10 1.07325E-02
     30.500   108.500     0.500 4.54228E+10 1.16354E-02
     30.500   118.333     0.500 3.43118E+10 6.81328E-03
     30.500   135.000     0.500 2.94107E+10 7.49687E-03
     30.500   151.667     0.500 6.65857E+09 1.72790E-02
     31.500     3.333     0.500 3.94304E+09 3.06979E-02
     31.500    10.000     0.500 1.30147E+10 1.72971E-02
     31.500    16.667     0.500 3.52529E+10 1.11581E-02
     31.500    21.500     0.500 5.73992E+10 1.08850E-02
     31.500    24.500     0.500 7.43166E+10 9.71974E-03
     31.500    27.500     0.500 8.86558E+10 8.90934E-03
     31.500    30.500     0.500 9.99124E+10 8.37218E-03
     31.500    33.500     0.500 1.10077E+11 7.97989E-03
     31.500    36.500     0.500 1.19368E+11 7.64254E-03
     31.500    39.500     0.500 1.29188E+11 7.32871E-03
     31.500    42.500     0.500 1.36523E+11 7.14337E-03
     31.500    45.500     0.500 1.41234E+11 6.97402E-03
     31.500    48.500     0.500 1.46787E+11 6.87585E-03
     31.500    51.500     0.500 1.51997E+11 6.77743E-03
     31.500    54.500     0.500 1.55526E+11 6.68396E-03
     31.500    57.500     0.500 1.56676E+11 6.68384E-03
     31.500    60.500     0.500 1.57915E+11 6.63924E-03
     31.500    63.500     0.500 1.59693E+11 6.60795E-03
     31.500    66.500     0.500 1.59179E+11 6.56652E-03
     31.500    69.500     0.500 1.57194E+11 6.63251E-03
     31.500    72.500     0.500 1.54122E+11 6.73180E-03
     31.500    75.500     0.500 1.48808E+11 6.81979E-03
     31.500    78.500     0.500 1.43216E+11 6.93953E-03
     31.500    81.500     0.500 1.38953E+11 7.06414E-03
     31.500    84.500     0.500 1.35802E+11 7.16457E-03
     31.500    87.500     0.500 1.28888E+11 7.36392E-03
     31.500    90.500     0.500 1.19511E+11 7.61653E-03
     31.500    93.500     0.500 1.11307E+11 7.92707E-03
     31.500    96.500     0.500 9.92191E+10 8.40409E-03
     31.500    99.500     0.500 8.77720E+10 8.98792E-03
     31.500   102.500     0.500 7.43121E+10 9.64808E-03
     31.500   105.500     0.500 5.99617E+10 1.07354E-02
     31.500   108.500     0.500 4.40455E+10 1.17531E-02
     31.500   118.333     0.500 3.32706E+10 6.84868E-03
     31.500   135.000     0.500 2.86039E+10 7.43718E-03
     31.500   151.667     0.500 6.61129E+09 1.70049E-02
     32.500     3.333     0.500 3.75452E+09 3.07139E-02
     32.500    10.000     0.500 1.20310E+10 1.76410E-02
     32.500    16.667     0.500 3.31179E+10 1.12981E-02
     32.500    21.500     0.500 5.36214E+10 1.10754E-02
     32.500    24.500     0.500 6.93265E+10 9.84525E-03
     32.500    27.500     0.500 8.33361E+10 8.97661E-03
     32.500    30.500     0.500 9.51423E+10 8.36579E-03
     32.500    33.500     0.500 1.05835E+11 7.99599E-03
     32.500    36.500     0.500 1.14676E+11 7.66012E-03
     32.500    39.500     0.500 1.23680E+11 7.35871E-03
     32.500    42.500     0.500 1.30322E+11 7.17593E-03
     32.500    45.500     0.500 1.36648E+11 6.99832E-03
     32.500    48.500     0.500 1.40839E+11 6.88958E-03
     32.500    51.500     0.500 1.45554E+11 6.77779E-03
     32.500    54.500     0.500 1.48691E+11 6.74735E-03
     32.500    57.500     0.500 1.50176E+11 6.70875E-03
     32.500    60.500     0.500 1.51404E+11 6.63335E-03
     32.500    63.500     0.500 1.52823E+11 6.62533E-03
     32.500    66.500     0.500 1.52660E+11 6.63674E-03
     32.500    69.500     0.500 1.51348E+11 6.69409E-03
     32.500    72.500     0.500 1.49048E+11 6.78233E-03
     32.500    75.500     0.500 1.44343E+11 6.86154E-03
     32.500    78.500     0.500 1.37987E+11 6.96628E-03
     32.500    81.500     0.500 1.34766E+11 7.04766E-03
     32.500    84.500     0.500 1.30879E+11 7.18675E-03
     32.500    87.500     0.500 1.22556E+11 7.44188E-03
     32.500    90.500     0.500 1.15187E+11 7.64655E-03
     32.500    93.500     0.500 1.06181E+11 8.03905E-03
     32.500    96.500     0.500 9.53076E+10 8.43770E-03
     32.500    99.500     0.500 8.34547E+10 9.04822E-03
     32.500   102.500     0.500 7.06580E+10 9.78605E-03
     32.500   105.500     0.500 5.71438E+10 1.07910E-02
     32.500   108.500     0.500 4.25825E+10 1.17052E-02
     32.500   118.333     0.500 3.22435E+10 6.84460E-03
     32.500   135.000     0.500 2.79428E+10 7.43941E-03
     32.500   151.667     0.500 6.38630E+09 1.72361E-02
     33.500     3.333     0.500 3.48689E+09 3.11060E-02
     33.500    10.000     0.500 1.12087E+10 1.80384E-02
     33.500    16.667     0.500 3.05912E+10 1.15180E-02
     33.500    21.500     0.500 5.00126E+10 1.11937E-02
     33.500    24.500     0.500 6.52192E+10 1.00445E-02
     33.500    27.500     0.500 7.78223E+10 9.19196E-03
     33.500    30.500     0.500 9.00304E+10 8.55272E-03
     33.500    33.500     0.500 9.91025E+10 8.13530E-03
     33.500    36.500     0.500 1.08388E+11 7.75232E-03
     33.500    39.500     0.500 1.16234E+11 7.50546E-03
     33.500    42.500     0.500 1.22952E+11 7.31145E-03
     33.500    45.500     0.500 1.29475E+11 7.12886E-03
     33.500    48.500     0.500 1.32786E+11 7.04073E-03
     33.500    51.500     0.500 1.36317E+11 6.91341E-03
     33.500    54.500     0.500 1.39958E+11 6.86537E-03
     33.500    57.500     0.500 1.42595E+11 6.80852E-03
     33.500    60.500     0.500 1.43310E+11 6.73261E-03
     33.500    63.500     0.500 1.45051E+11 6.72071E-03
     33.500    66.500     0.500 1.43910E+11 6.73914E-03
     33.500    69.500     0.500 1.43679E+11 6.81127E-03
     33.500    72.500     0.500 1.41312E+11 6.88570E-03
     33.500    75.500     0.500 1.36415E+11 6.97297E-03
     33.500    78.500     0.500 1.31809E+11 7.07215E-03
     33.500    81.500     0.500 1.28167E+11 7.17837E-03
     33.500    84.500     0.500 1.22714E+11 7.31328E-03
     33.500    87.500     0.500 1.15766E+11 7.54416E-03
     33.500    90.500     0.500 1.09611E+11 7.76291E-03
     33.500    93.500     0.500 9.98459E+10 8.12721E-03
     33.500    96.500     0.500 8.92717E+10 8.56799E-03
     33.500    99.500     0.500 7.90067E+10 9.17455E-03
     33.500   102.500     0.500 6.69662E+10 9.93468E-03
     33.500   105.500     0.500 5.42205E+10 1.10039E-02
     33.500   108.500     0.500 4.07226E+10 1.19543E-02
     33.500   118.333     0.500 3.19109E+10 6.88538E-03
     33.500   135.000     0.500 2.77185E+10 7.47986E-03
     33.500   151.667     0.500 6.11980E+09 1.71253E-02
     34.500     3.333     0.500 3.32898E+09 3.18343E-02
     34.500    10.000     0.500 1.04505E+10 1.84987E-02
     34.500    16.667     0.500 2.86029E+10 1.17568E-02
     34.500    21.500     0.500 4.62765E+10 1.15721E-02
     34.500    24.500     0.500 6.00798E+10 1.03030E-02
     34.500    27.500     0.500 7.25861E+10 9.46495E-03
     34.500    30.500     0.500 8.42673E+10 8.73528E-03
     34.500    33.500     0.500 9.30805E+10 8.30280E-03
     34.500    36.500     0.500 1.01153E+11 7.96076E-03
     34.500    39.500     0.500 1.08243E+11 7.66491E-03
     34.500    42.500     0.500 1.14822E+11 7.43852E-03
     34.500    45.500     0.500 1.20485E+11 7.32997E-03
     34.500    48.500     0.500 1.24141E+11 7.19415E-03
     34.500    51.500     0.500 1.28662E+11 7.05666E-03
     34.500    54.500     0.500 1.30931E+11 6.99714E-03
     34.500    57.500     0.500 1.34154E+11 6.96945E-03
     34.500    60.500     0.500 1.34241E+11 6.87659E-03
     34.500    63.500     0.500 1.34928E+11 6.89184E-03
     34.500    66.500     0.500 1.33811E+11 6.90015E-03
     34.500    69.500     0.500 1.33354E+11 6.93648E-03
     34.500    72.500     0.500 1.30094E+11 6.97517E-03
     34.500    75.500     0.500 1.26776E+11 7.11758E-03
     34.500    78.500     0.500 1.23650E+11 7.21467E-03
     34.500    81.500     0.500 1.19731E+11 7.31346E-03
     34.500    84.500     0.500 1.15626E+11 7.46201E-03
     34.500    87.500     0.500 1.08571E+11 7.72026E-03
     34.500    90.500     0.500 1.01504E+11 7.92629E-03
     34.500    93.500     0.500 9.33592E+10 8.31330E-03
     34.500    96.500     0.500 8.27290E+10 8.75352E-03
     34.500    99.500     0.500 7.38535E+10 9.37141E-03
     34.500   102.500     0.500 6.33306E+10 1.00411E-02
     34.500   105.500     0.500 5.07852E+10 1.12517E-02
     34.500   108.500     0.500 3.86671E+10 1.19615E-02
     34.500   118.333     0.500 3.12745E+10 6.87143E-03
     34.500   135.000     0.500 2.76650E+10 7.49487E-03
     34.500   151.667     0.500 5.91990E+09 1.70588E-02
     35.500     3.333     0.500 3.15045E+09 3.21705E-02
     35.500    10.000     0.500 9.81988E+09 1.88832E-02
     35.500    16.667     0.500 2.64202E+10 1.20762E-02
     35.500    21.500     0.500 4.26372E+10 1.19207E-02
     35.500    24.500     0.500 5.51848E+10 1.06115E-02
     35.500    27.500     0.500 6.64217E+10 9.72782E-03
     35.500    30.500     0.500 7.72543E+10 8.95550E-03
     35.500    33.500     0.500 8.52665E+10 8.52595E-03
     35.500    36.500     0.500 9.29129E+10 8.14518E-03
     35.500    39.500     0.500 1.00089E+11 7.89173E-03
     35.500    42.500     0.500 1.05372E+11 7.64600E-03
     35.500    45.500     0.500 1.10966E+11 7.47624E-03
     35.500    48.500     0.500 1.15765E+11 7.35518E-03
     35.500    51.500     0.500 1.19354E+11 7.24058E-03
     35.500    54.500     0.500 1.21015E+11 7.18329E-03
     35.500    57.500     0.500 1.21690E+11 7.13921E-03
     35.500    60.500     0.500 1.22769E+11 7.07302E-03
     35.500    63.500     0.500 1.24495E+11 7.01956E-03
     35.500    66.500     0.500 1.24854E+11 7.06929E-03
     35.500    69.500     0.500 1.22593E+11 7.11993E-03
     35.500    72.500     0.500 1.20625E+11 7.18295E-03
     35.500    75.500     0.500 1.17111E+11 7.24929E-03
     35.500    78.500     0.500 1.13830E+11 7.38187E-03
     35.500    81.500     0.500 1.10301E+11 7.51154E-03
     35.500    84.500     0.500 1.06183E+11 7.64810E-03
     35.500    87.500     0.500 1.00367E+11 7.89138E-03
     35.500    90.500     0.500 9.38570E+10 8.14288E-03
     35.500    93.500     0.500 8.51317E+10 8.51282E-03
     35.500    96.500     0.500 7.63835E+10 9.01184E-03
     35.500    99.500     0.500 6.82826E+10 9.54912E-03
     35.500   102.500     0.500 5.81382E+10 1.03962E-02
     35.500   105.500     0.500 4.71817E+10 1.15321E-02
     35.500   108.500     0.500 3.69200E+10 1.20280E-02
     35.500   118.333     0.500 3.09564E+10 6.96324E-03
     35.500   135.000     0.500 2.73760E+10 7.48624E-03
     35.500   151.667     0.500 5.71798E+09 1.72229E-02
     36.500     3.333     0.500 2.94209E+09 3.34353E-02
     36.500    10.000     0.500 9.03311E+09 1.92851E-02
     36.500    16.667     0.500 2.41496E+10 1.23880E-02
     36.500    21.500     0.500 3.89288E+10 1.22420E-02
     36.500    24.500     0.500 5.00123E+10 1.09827E-02
     36.500    27.500     0.500 5.97459E+10 1.00504E-02
     36.500    30.500     0.500 6.91010E+10 9.31671E-03
     36.500    33.500     0.500 7.69483E+10 8.89015E-03
     36.500    36.500     0.500 8.38631E+10 8.42325E-03
     36.500    39.500     0.500 9.05017E+10 8.08670E-03
     36.500    42.500     0.500 9.63385E+10 7.85949E-03
     36.500    45.500     0.500 1.01525E+11 7.72775E-03
     36.500    48.500     0.500 1.06227E+11 7.52173E-03
     36.500    51.500     0.500 1.09352E+11 7.42944E-03
     36.500    54.500     0.500 1.11479E+11 7.37969E-03
     36.500    57.500     0.500 1.11062E+11 7.30297E-03
     36.500    60.500     0.500 1.12552E+11 7.26893E-03
     36.500    63.500     0.500 1.13749E+11 7.25115E-03
     36.500    66.500     0.500 1.14420E+11 7.28084E-03
     36.500    69.500     0.500 1.11624E+11 7.32008E-03
     36.500    72.500     0.500 1.10245E+11 7.40054E-03
     36.500    75.500     0.500 1.05390E+11 7.48441E-03
     36.500    78.500     0.500 1.03639E+11 7.55018E-03
     36.500    81.500     0.500 1.02219E+11 7.69861E-03
     36.500    84.500     0.500 9.70104E+10 7.87784E-03
     36.500    87.500     0.500 9.14982E+10 8.12413E-03
     36.500    90.500     0.500 8.49463E+10 8.41300E-03
     36.500    93.500     0.500 7.70029E+10 8.82980E-03
     36.500    96.500     0.500 6.95966E+10 9.27058E-03
     36.500    99.500     0.500 6.24289E+10 9.81275E-03
     36.500   102.500     0.500 5.33591E+10 1.06502E-02
     36.500   105.500     0.500 4.33292E+10 1.18061E-02
     36.500   108.500     0.500 3.52703E+10 1.21906E-02
     36.500   118.333     0.500 3.05834E+10 7.01096E-03
     36.500   135.000     0.500 2.69920E+10 7.52939E-03
     36.500   151.667     0.500 5.41683E+09 1.73893E-02
     37.500     3.333     0.500 2.58079E+09 3.44002E-02
     37.500    10.000     0.500 8.38724E+09 2.00400E-02
     37.500    16.667     0.500 2.22218E+10 1.26742E-02
     37.500    21.500     0.500 3.51236E+10 1.25470E-02
     37.500    24.500     0.500 4.46599E+10 1.13255E-02
     37.500    27.500     0.500 5.35169E+10 1.03408E-02
     37.500    30.500     0.500 6.20930E+10 9.63210E-03
     37.500    33.500     0.500 6.85735E+10 9.10522E-03
     37.500    36.500     0.500 7.62823E+10 8.68846E-03
     37.500    39.500     0.500 8.26799E+10 8.28724E-03
     37.500    42.500     0.500 8.81765E+10 8.05949E-03
     37.500    45.500     0.500 9.16098E+10 7.90698E-03
     37.500    48.500     0.500 9.66002E+10 7.69072E-03
     37.500    51.500     0.500 9.85088E+10 7.62145E-03
     37.500    54.500     0.500 9.95484E+10 7.53156E-03
     37.500    57.500     0.500 1.01189E+11 7.49737E-03
     37.500    60.500     0.500 1.02513E+11 7.46392E-03
     37.500    63.500     0.500 1.02909E+11 7.42298E-03
     37.500    66.500     0.500 1.03467E+11 7.41978E-03
     37.500    69.500     0.500 1.00977E+11 7.50835E-03
     37.500    72.500     0.500 9.95078E+10 7.57260E-03
     37.500    75.500     0.500 9.60227E+10 7.66668E-03
     37.500    78.500     0.500 9.37198E+10 7.78336E-03
     37.500    81.500     0.500 9.20493E+10 7.91649E-03
     37.500    84.500     0.500 8.75796E+10 8.07837E-03
     37.500    87.500     0.500 8.24659E+10 8.36035E-03
     37.500    90.500     0.500 7.65406E+10 8.67591E-03
     37.500    93.500     0.500 6.97363E+10 9.04274E-03
     37.500    96.500     0.500 6.40461E+10 9.50411E-03
     37.500    99.500     0.500 5.61936E+10 1.01163E-02
     37.500   102.500     0.500 4.83304E+10 1.08827E-02
     37.500   105.500     0.500 3.97168E+10 1.20036E-02
     37.500   108.500     0.500 3.37785E+10 1.23612E-02
     37.500   118.333     0.500 3.04419E+10 7.09581E-03
     37.500   135.000     0.500 2.69163E+10 7.61039E-03
     37.500   151.667     0.500 5.09077E+09 1.77253E-02
     38.500     3.333     0.500 2.54718E+09 3.48736E-02
     38.500    10.000     0.500 7.56567E+09 2.07418E-02
     38.500    16.667     0.500 2.04792E+10 1.29757E-02
     38.500    21.500     0.500 3.18326E+10 1.24632E-02
     38.500    24.500     0.500 3.98348E+10 1.11878E-02
     38.500    27.500     0.500 4.85257E+10 1.02637E-02
     38.500    30.500     0.500 5.54072E+10 9.46949E-03
     38.500    33.500     0.500 6.19374E+10 9.00375E-03
     38.500    36.500     0.500 6.80809E+10 8.58187E-03
     38.500    39.500     0.500 7.39550E+10 8.15285E-03
     38.500    42.500     0.500 7.88026E+10 7.96686E-03
     38.500    45.500     0.500 8.32662E+10 7.77598E-03
     38.500    48.500     0.500 8.59457E+10 7.60832E-03
     38.500    51.500     0.500 8.77580E+10 7.51499E-03
     38.500    54.500     0.500 8.95332E+10 7.41448E-03
     38.500    57.500     0.500 9.12732E+10 7.33614E-03
     38.500    60.500     0.500 9.22109E+10 7.34870E-03
     38.500    63.500     0.500 9.23865E+10 7.36170E-03
     38.500    66.500     0.500 9.25399E+10 7.37234E-03
     38.500    69.500     0.500 9.19329E+10 7.42956E-03
     38.500    72.500     0.500 9.03758E+10 7.44058E-03
     38.500    75.500     0.500 8.76042E+10 7.54912E-03
     38.500    78.500     0.500 8.36726E+10 7.66380E-03
     38.500    81.500     0.500 8.17178E+10 7.85804E-03
     38.500    84.500     0.500 7.80286E+10 7.96222E-03
     38.500    87.500     0.500 7.43122E+10 8.29865E-03
     38.500    90.500     0.500 6.92081E+10 8.50584E-03
     38.500    93.500     0.500 6.32763E+10 8.96205E-03
     38.500    96.500     0.500 5.69075E+10 9.39053E-03
     38.500    99.500     0.500 5.07788E+10 9.93269E-03
     38.500   102.500     0.500 4.42288E+10 1.06282E-02
     38.500   105.500     0.500 3.64904E+10 1.15449E-02
     38.500   108.500     0.500 3.12142E+10 1.19730E-02
     38.500   118.333     0.500 3.00192E+10 7.21749E-03
     38.500   135.000     0.500 2.65928E+10 7.66049E-03
     38.500   151.667     0.500 4.83961E+09 1.78904E-02
